nr rozm ods_posort czas[s]
0 10000 0 0.001101
0 10000 0.25 0.000968
0 10000 0.5 0.000876
0 10000 0.75 0.000711
0 10000 0.95 0.000612
0 10000 0.99 0.000606
0 10000 0.997 0.000622
0 10000 -1 0.000581
1 10000 0 0.001068
1 10000 0.25 0.000992
1 10000 0.5 0.000878
1 10000 0.75 0.000712
1 10000 0.95 0.00061
1 10000 0.99 0.000592
1 10000 0.997 0.000589
1 10000 -1 0.00061
2 10000 0 0.001096
2 10000 0.25 0.000971
2 10000 0.5 0.000851
2 10000 0.75 0.000716
2 10000 0.95 0.00061
2 10000 0.99 0.00062
2 10000 0.997 0.000601
2 10000 -1 0.000581
3 10000 0 0.001074
3 10000 0.25 0.001002
3 10000 0.5 0.000852
3 10000 0.75 0.000714
3 10000 0.95 0.000611
3 10000 0.99 0.000592
3 10000 0.997 0.000617
3 10000 -1 0.000581
4 10000 0 0.001065
4 10000 0.25 0.000969
4 10000 0.5 0.000849
4 10000 0.75 0.000715
4 10000 0.95 0.000611
4 10000 0.99 0.000592
4 10000 0.997 0.00059
4 10000 -1 0.000581
5 10000 0 0.0011
5 10000 0.25 0.000973
5 10000 0.5 0.000847
5 10000 0.75 0.000714
5 10000 0.95 0.00064
5 10000 0.99 0.000592
5 10000 0.997 0.000588
5 10000 -1 0.000582
6 10000 0 0.001074
6 10000 0.25 0.000972
6 10000 0.5 0.000848
6 10000 0.75 0.000715
6 10000 0.95 0.000612
6 10000 0.99 0.000591
6 10000 0.997 0.000618
6 10000 -1 0.000582
7 10000 0 0.001072
7 10000 0.25 0.00097
7 10000 0.5 0.000847
7 10000 0.75 0.000713
7 10000 0.95 0.00061
7 10000 0.99 0.000592
7 10000 0.997 0.000588
7 10000 -1 0.000583
8 10000 0 0.001106
8 10000 0.25 0.000966
8 10000 0.5 0.000849
8 10000 0.75 0.000712
8 10000 0.95 0.000611
8 10000 0.99 0.000593
8 10000 0.997 0.000589
8 10000 -1 0.000581
9 10000 0 0.001103
9 10000 0.25 0.001029
9 10000 0.5 0.000883
9 10000 0.75 0.000742
9 10000 0.95 0.00061
9 10000 0.99 0.000592
9 10000 0.997 0.000604
9 10000 -1 0.00061
10 10000 0 0.001071
10 10000 0.25 0.000965
10 10000 0.5 0.000851
10 10000 0.75 0.000742
10 10000 0.95 0.000611
10 10000 0.99 0.000592
10 10000 0.997 0.000589
10 10000 -1 0.000581
11 10000 0 0.001098
11 10000 0.25 0.000964
11 10000 0.5 0.000881
11 10000 0.75 0.000713
11 10000 0.95 0.000611
11 10000 0.99 0.00062
11 10000 0.997 0.00059
11 10000 -1 0.00061
12 10000 0 0.001103
12 10000 0.25 0.001003
12 10000 0.5 0.000874
12 10000 0.75 0.000719
12 10000 0.95 0.000638
12 10000 0.99 0.000619
12 10000 0.997 0.000589
12 10000 -1 0.000598
13 10000 0 0.001068
13 10000 0.25 0.000966
13 10000 0.5 0.000857
13 10000 0.75 0.000712
13 10000 0.95 0.00061
13 10000 0.99 0.000592
13 10000 0.997 0.000589
13 10000 -1 0.000583
14 10000 0 0.001103
14 10000 0.25 0.000972
14 10000 0.5 0.000848
14 10000 0.75 0.000715
14 10000 0.95 0.00061
14 10000 0.99 0.000593
14 10000 0.997 0.000588
14 10000 -1 0.000581
15 10000 0 0.00132
15 10000 0.25 0.000992
15 10000 0.5 0.000877
15 10000 0.75 0.000715
15 10000 0.95 0.000612
15 10000 0.99 0.000592
15 10000 0.997 0.000589
15 10000 -1 0.000582
16 10000 0 0.001069
16 10000 0.25 0.00097
16 10000 0.5 0.000899
16 10000 0.75 0.000712
16 10000 0.95 0.000643
16 10000 0.99 0.000606
16 10000 0.997 0.000603
16 10000 -1 0.000595
17 10000 0 0.001091
17 10000 0.25 0.000964
17 10000 0.5 0.000845
17 10000 0.75 0.000716
17 10000 0.95 0.00061
17 10000 0.99 0.000592
17 10000 0.997 0.00059
17 10000 -1 0.000582
18 10000 0 0.001093
18 10000 0.25 0.000996
18 10000 0.5 0.000845
18 10000 0.75 0.000733
18 10000 0.95 0.000639
18 10000 0.99 0.000592
18 10000 0.997 0.000604
18 10000 -1 0.000609
19 10000 0 0.001097
19 10000 0.25 0.000992
19 10000 0.5 0.000868
19 10000 0.75 0.000731
19 10000 0.95 0.00061
19 10000 0.99 0.000592
19 10000 0.997 0.00059
19 10000 -1 0.000582
0 50000 0 0.006258
0 50000 0.25 0.005648
0 50000 0.5 0.004909
0 50000 0.75 0.004132
0 50000 0.95 0.003548
0 50000 0.99 0.003415
0 50000 0.997 0.003457
0 50000 -1 0.003356
1 50000 0 0.006221
1 50000 0.25 0.005604
1 50000 0.5 0.004888
1 50000 0.75 0.004106
1 50000 0.95 0.003518
1 50000 0.99 0.003415
1 50000 0.997 0.003401
1 50000 -1 0.003415
2 50000 0 0.006167
2 50000 0.25 0.005604
2 50000 0.5 0.004911
2 50000 0.75 0.004116
2 50000 0.95 0.003583
2 50000 0.99 0.003495
2 50000 0.997 0.003399
2 50000 -1 0.003354
3 50000 0 0.006228
3 50000 0.25 0.005623
3 50000 0.5 0.004943
3 50000 0.75 0.004166
3 50000 0.95 0.003611
3 50000 0.99 0.003446
3 50000 0.997 0.003402
3 50000 -1 0.003409
