nr rozm ods_posort czas[s]
0 10000 0 0.000889
0 10000 0.25 0.000981
0 10000 0.5 0.001248
0 10000 0.75 0.00192
0 10000 0.95 0.002165
0 10000 0.99 0.002142
0 10000 0.997 0.002156
0 10000 -1 0.002041
1 10000 0 0.000878
1 10000 0.25 0.00105
1 10000 0.5 0.001248
1 10000 0.75 0.002211
1 10000 0.95 0.002157
1 10000 0.99 0.002108
1 10000 0.997 0.002132
1 10000 -1 0.002015
2 10000 0 0.00092
2 10000 0.25 0.000933
2 10000 0.5 0.001336
2 10000 0.75 0.002147
2 10000 0.95 0.002129
2 10000 0.99 0.002172
2 10000 0.997 0.002141
2 10000 -1 0.002072
3 10000 0 0.000887
3 10000 0.25 0.000997
3 10000 0.5 0.001213
3 10000 0.75 0.002204
3 10000 0.95 0.002131
3 10000 0.99 0.002136
3 10000 0.997 0.002135
3 10000 -1 0.002048
4 10000 0 0.000899
4 10000 0.25 0.001012
4 10000 0.5 0.001344
4 10000 0.75 0.002057
4 10000 0.95 0.002188
4 10000 0.99 0.002119
4 10000 0.997 0.002134
4 10000 -1 0.00201
5 10000 0 0.000895
5 10000 0.25 0.001082
5 10000 0.5 0.001359
5 10000 0.75 0.002107
5 10000 0.95 0.002162
5 10000 0.99 0.002172
5 10000 0.997 0.002109
5 10000 -1 0.002018
6 10000 0 0.000884
6 10000 0.25 0.000974
6 10000 0.5 0.001165
6 10000 0.75 0.002164
6 10000 0.95 0.002184
6 10000 0.99 0.002115
6 10000 0.997 0.002133
6 10000 -1 0.002013
7 10000 0 0.000896
7 10000 0.25 0.00095
7 10000 0.5 0.001161
7 10000 0.75 0.001854
7 10000 0.95 0.002163
7 10000 0.99 0.002143
7 10000 0.997 0.00211
7 10000 -1 0.002046
8 10000 0 0.000896
8 10000 0.25 0.000925
8 10000 0.5 0.001202
8 10000 0.75 0.002112
8 10000 0.95 0.002189
8 10000 0.99 0.002142
8 10000 0.997 0.002104
8 10000 -1 0.002018
9 10000 0 0.000882
9 10000 0.25 0.000985
9 10000 0.5 0.0012
9 10000 0.75 0.002138
9 10000 0.95 0.002135
9 10000 0.99 0.002146
9 10000 0.997 0.002138
9 10000 -1 0.002019
10 10000 0 0.000916
10 10000 0.25 0.001109
10 10000 0.5 0.001312
10 10000 0.75 0.002107
10 10000 0.95 0.002134
10 10000 0.99 0.002145
10 10000 0.997 0.002123
10 10000 -1 0.002016
11 10000 0 0.00089
11 10000 0.25 0.00095
11 10000 0.5 0.00117
11 10000 0.75 0.002045
11 10000 0.95 0.002132
11 10000 0.99 0.002115
11 10000 0.997 0.002108
11 10000 -1 0.002039
12 10000 0 0.000878
12 10000 0.25 0.000951
12 10000 0.5 0.001096
12 10000 0.75 0.00173
12 10000 0.95 0.002135
12 10000 0.99 0.002114
12 10000 0.997 0.002165
12 10000 -1 0.002021
13 10000 0 0.000888
13 10000 0.25 0.000965
13 10000 0.5 0.001117
13 10000 0.75 0.001737
13 10000 0.95 0.002143
13 10000 0.99 0.002109
13 10000 0.997 0.002139
13 10000 -1 0.002018
14 10000 0 0.000883
14 10000 0.25 0.001053
14 10000 0.5 0.001267
14 10000 0.75 0.002155
14 10000 0.95 0.002156
14 10000 0.99 0.002147
14 10000 0.997 0.002157
14 10000 -1 0.002387
15 10000 0 0.0009
15 10000 0.25 0.001077
15 10000 0.5 0.001377
15 10000 0.75 0.002162
15 10000 0.95 0.002191
15 10000 0.99 0.002176
15 10000 0.997 0.002136
15 10000 -1 0.00205
16 10000 0 0.000897
16 10000 0.25 0.000994
16 10000 0.5 0.001233
16 10000 0.75 0.001881
16 10000 0.95 0.002204
16 10000 0.99 0.002147
16 10000 0.997 0.002139
16 10000 -1 0.002003
17 10000 0 0.000881
17 10000 0.25 0.000981
17 10000 0.5 0.001281
17 10000 0.75 0.002118
17 10000 0.95 0.00213
17 10000 0.99 0.002139
17 10000 0.997 0.002128
17 10000 -1 0.002028
18 10000 0 0.000895
18 10000 0.25 0.000949
18 10000 0.5 0.001187
18 10000 0.75 0.002101
18 10000 0.95 0.002172
18 10000 0.99 0.002151
18 10000 0.997 0.002187
18 10000 -1 0.002061
19 10000 0 0.000901
19 10000 0.25 0.001027
19 10000 0.5 0.001575
19 10000 0.75 0.002103
19 10000 0.95 0.002157
19 10000 0.99 0.002141
19 10000 0.997 0.002162
19 10000 -1 0.002015
0 50000 0 0.005266
0 50000 0.25 0.006193
0 50000 0.5 0.008565
0 50000 0.75 0.012508
0 50000 0.95 0.01217
0 50000 0.99 0.012072
0 50000 0.997 0.011972
0 50000 -1 0.011548
1 50000 0 0.005206
1 50000 0.25 0.005586
1 50000 0.5 0.00703
1 50000 0.75 0.012133
1 50000 0.95 0.012188
1 50000 0.99 0.012068
1 50000 0.997 0.01208
1 50000 -1 0.011557
2 50000 0 0.00528
2 50000 0.25 0.005414
2 50000 0.5 0.007045
2 50000 0.75 0.010756
2 50000 0.95 0.012315
2 50000 0.99 0.01225
2 50000 0.997 0.012273
2 50000 -1 0.0115
3 50000 0 0.005247
3 50000 0.25 0.00585
3 50000 0.5 0.008184
3 50000 0.75 0.012297
3 50000 0.95 0.01224
3 50000 0.99 0.012049
3 50000 0.997 0.012039
