nr rozm ods_posort czas[s]
0 10000 0 0.001106
0 10000 0.25 0.001197
0 10000 0.5 0.001204
0 10000 0.75 0.001298
0 10000 0.95 0.003795
0 10000 0.99 0.015757
0 10000 0.997 0.025025
0 10000 -1 0.072577
1 10000 0 0.00109
1 10000 0.25 0.001179
1 10000 0.5 0.001187
1 10000 0.75 0.001371
1 10000 0.95 0.003374
1 10000 0.99 0.007381
1 10000 0.997 0.031054
1 10000 -1 0.072531
2 10000 0 0.001107
2 10000 0.25 0.001173
2 10000 0.5 0.001243
2 10000 0.75 0.001389
2 10000 0.95 0.003096
2 10000 0.99 0.007695
2 10000 0.997 0.026339
2 10000 -1 0.072608
3 10000 0 0.001101
3 10000 0.25 0.001177
3 10000 0.5 0.001182
3 10000 0.75 0.001496
3 10000 0.95 0.002694
3 10000 0.99 0.00564
3 10000 0.997 0.009555
3 10000 -1 0.07295
4 10000 0 0.001108
4 10000 0.25 0.001177
4 10000 0.5 0.001234
4 10000 0.75 0.001316
4 10000 0.95 0.002821
4 10000 0.99 0.006819
4 10000 0.997 0.024795
4 10000 -1 0.072777
5 10000 0 0.001111
5 10000 0.25 0.001196
5 10000 0.5 0.001239
5 10000 0.75 0.001385
5 10000 0.95 0.002727
5 10000 0.99 0.005513
5 10000 0.997 0.0159
5 10000 -1 0.072464
6 10000 0 0.001098
6 10000 0.25 0.001174
6 10000 0.5 0.001203
6 10000 0.75 0.001444
6 10000 0.95 0.002301
6 10000 0.99 0.006995
6 10000 0.997 0.025814
6 10000 -1 0.072609
7 10000 0 0.001111
7 10000 0.25 0.001156
7 10000 0.5 0.001165
7 10000 0.75 0.001275
7 10000 0.95 0.002601
7 10000 0.99 0.007182
7 10000 0.997 0.01236
7 10000 -1 0.072487
8 10000 0 0.001108
8 10000 0.25 0.001175
8 10000 0.5 0.001196
8 10000 0.75 0.001374
8 10000 0.95 0.002743
8 10000 0.99 0.007427
8 10000 0.997 0.018451
8 10000 -1 0.072508
9 10000 0 0.001099
9 10000 0.25 0.001165
9 10000 0.5 0.001174
9 10000 0.75 0.001364
9 10000 0.95 0.003012
9 10000 0.99 0.008707
9 10000 0.997 0.02327
9 10000 -1 0.072669
10 10000 0 0.001106
10 10000 0.25 0.001192
10 10000 0.5 0.001203
10 10000 0.75 0.001348
10 10000 0.95 0.003201
10 10000 0.99 0.009513
10 10000 0.997 0.019561
10 10000 -1 0.072449
11 10000 0 0.001105
11 10000 0.25 0.001183
11 10000 0.5 0.001204
11 10000 0.75 0.001342
11 10000 0.95 0.002465
11 10000 0.99 0.008974
11 10000 0.997 0.016263
11 10000 -1 0.072756
12 10000 0 0.001099
12 10000 0.25 0.001148
12 10000 0.5 0.001158
12 10000 0.75 0.001225
12 10000 0.95 0.002867
12 10000 0.99 0.007886
12 10000 0.997 0.019522
12 10000 -1 0.073126
13 10000 0 0.001134
13 10000 0.25 0.001181
13 10000 0.5 0.001158
13 10000 0.75 0.001193
13 10000 0.95 0.00217
13 10000 0.99 0.005858
13 10000 0.997 0.013824
13 10000 -1 0.072592
14 10000 0 0.001096
14 10000 0.25 0.001271
14 10000 0.5 0.001221
14 10000 0.75 0.001401
14 10000 0.95 0.00317
14 10000 0.99 0.010171
14 10000 0.997 0.027062
14 10000 -1 0.072664
15 10000 0 0.001123
15 10000 0.25 0.001182
15 10000 0.5 0.001216
15 10000 0.75 0.001395
15 10000 0.95 0.002894
15 10000 0.99 0.00753
15 10000 0.997 0.014789
15 10000 -1 0.072609
16 10000 0 0.001105
16 10000 0.25 0.001193
16 10000 0.5 0.001208
16 10000 0.75 0.001338
16 10000 0.95 0.003743
16 10000 0.99 0.009203
16 10000 0.997 0.015509
16 10000 -1 0.07362
17 10000 0 0.001097
17 10000 0.25 0.001161
17 10000 0.5 0.001262
17 10000 0.75 0.001365
17 10000 0.95 0.002677
17 10000 0.99 0.005276
17 10000 0.997 0.016038
17 10000 -1 0.072448
18 10000 0 0.001105
18 10000 0.25 0.001151
18 10000 0.5 0.001205
18 10000 0.75 0.001345
18 10000 0.95 0.003195
18 10000 0.99 0.007975
18 10000 0.997 0.015516
18 10000 -1 0.074328
19 10000 0 0.001126
19 10000 0.25 0.001187
19 10000 0.5 0.001264
19 10000 0.75 0.00135
19 10000 0.95 0.003121
19 10000 0.99 0.010364
19 10000 0.997 0.026815
19 10000 -1 0.072531
0 50000 0 0.006331
0 50000 0.25 0.006668
0 50000 0.5 0.006973
0 50000 0.75 0.008154
0 50000 0.95 0.020535
0 50000 0.99 0.04836
0 50000 0.997 0.132412
0 50000 -1 1.81617
1 50000 0 0.006217
1 50000 0.25 0.006516
1 50000 0.5 0.006731
1 50000 0.75 0.007596
1 50000 0.95 0.014935
1 50000 0.99 0.04886
1 50000 0.997 0.141322
1 50000 -1 1.80912
2 50000 0 0.00627
2 50000 0.25 0.006479
2 50000 0.5 0.00667
2 50000 0.75 0.007308
2 50000 0.95 0.016201
2 50000 0.99 0.064264
2 50000 0.997 0.120356
2 50000 -1 1.80997
3 50000 0 0.006228
3 50000 0.25 0.006668
3 50000 0.5 0.006958
3 50000 0.75 0.007556
3 50000 0.95 0.016109
3 50000 0.99 0.09184
3 50000 0.997 0.180885
